found corners in 0.jpg
found corners in 1.jpg
found corners in 10.jpg
found corners in 11.jpg
found corners in 12.jpg
found corners in 13.jpg
found corners in 14.jpg
found corners in 15.jpg
found corners in 16.jpg
found corners in 17.jpg
found corners in 18.jpg
found corners in 19.jpg
found corners in 2.jpg
found corners in 3.jpg
found corners in 4.jpg
found corners in 5.jpg
found corners in 6.jpg
found corners in 7.jpg
found corners in 8.jpg
found corners in 9.jpg
retval: 5.106168722312975
cameraMatrix:
[[858.78807086   0.         418.95278675]
 [  0.         847.55749944 809.56301667]
 [  0.           0.           1.        ]]
distCoeffs:
[[-0.00863484 -0.00262332  0.0230366   0.01958648  0.00028345]]
rvecs:
[array([[-0.04634063],
       [-0.2787242 ],
       [ 1.53940748]]), array([[-0.09125305],
       [-0.32122346],
       [ 1.52688427]]), array([[-0.36723164],
       [-0.221952  ],
       [ 1.52907034]]), array([[-0.01381457],
       [-0.0906825 ],
       [ 1.54513065]]), array([[-0.03054005],
       [-0.07877091],
       [ 1.56084142]]), array([[-0.02791725],
       [-0.08055221],
       [ 1.58214978]]), array([[-0.02180627],
       [-0.09217182],
       [ 1.55553756]]), array([[-0.01826639],
       [-0.09825998],
       [ 1.56082548]]), array([[-0.02782675],
       [-0.09039908],
       [ 1.60405718]]), array([[-0.00803104],
       [-0.08327466],
       [ 1.52171555]]), array([[-0.01269926],
       [-0.07673211],
       [ 1.53937474]]), array([[ 0.00322891],
       [-0.0939964 ],
       [ 1.51450822]]), array([[-0.06080574],
       [-0.17176169],
       [ 1.56519313]]), array([[-0.04505101],
       [-0.18557174],
       [ 1.55099655]]), array([[-0.34163696],
       [-0.60337988],
       [ 1.48531925]]), array([[-0.0370365 ],
       [-0.28960481],
       [ 1.52698759]]), array([[-0.03580009],
       [-0.27760292],
       [ 1.49922419]]), array([[-0.33835812],
       [-0.11705801],
       [ 1.20477704]]), array([[-0.383526  ],
       [-0.20767672],
       [ 1.50911157]]), array([[-0.2743889 ],
       [-0.10008342],
       [ 1.20280365]])]
tvecs:
[array([[ 3.3394935 ],
       [-4.80958036],
       [ 7.59968262]]), array([[ 3.69504255],
       [-7.15672884],
       [15.09062787]]), array([[ 3.31537722],
       [-4.14474172],
       [ 8.94660459]]), array([[7.17313971],
       [0.13750547],
       [4.22618038]]), array([[9.19375782],
       [2.98987833],
       [6.42520617]]), array([[9.13167324],
       [3.97657362],
       [6.61758383]]), array([[6.3683556 ],
       [0.81981838],
       [4.25537594]]), array([[ 6.74554516],
       [-0.05723152],
       [ 3.93970706]]), array([[6.69729148],
       [1.61371186],
       [4.23430434]]), array([[5.27948016],
       [0.3403026 ],
       [3.24445123]]), array([[6.55420057],
       [1.69997688],
       [4.19828504]]), array([[ 5.45648822],
       [-1.16729845],
       [ 3.17097438]]), array([[ 3.51261105],
       [-3.36954089],
       [ 7.24679263]]), array([[ 3.40877461],
       [-4.0859716 ],
       [ 7.20757343]]), array([[ 2.71382806],
       [-4.84151588],
       [10.16596084]]), array([[ 3.35853084],
       [-5.8227576 ],
       [ 8.97518915]]), array([[ 4.33410619],
       [-5.71359544],
       [10.13877611]]), array([[ 2.19392814],
       [-4.67364256],
       [ 9.86754768]]), array([[ 3.11130416],
       [-4.2444553 ],
       [ 9.8949705 ]]), array([[ 2.231496  ],
       [-4.59761654],
       [ 9.42049951]])]
rotation_matrixs:
[(array([[ 0.00654497, -0.97831095, -0.20703827],
       [ 0.98879668,  0.03720747, -0.14455699],
       [ 0.14912506, -0.20377264,  0.96759415]]), array([[-0.00800561, -0.13153653,  0.62129205, -0.0946541 ,  0.02986194,
        -0.63976548,  0.62796996,  0.63695852,  0.03735932],
       [ 0.17812391, -0.12947418,  0.61743089,  0.09236195, -0.04666505,
         0.61976181, -0.62023786,  0.6130839 ,  0.22470447],
       [-0.98378716, -0.02771467,  0.09985934,  0.0249077 , -0.99199531,
        -0.08495598, -0.1219768 , -0.04807355,  0.00867484]])), (array([[ 0.01120447, -0.96497448, -0.26210438],
       [ 0.9887851 ,  0.04973076, -0.14082215],
       [ 0.14892443, -0.25758706,  0.9547096 ]]), array([[-0.01568865, -0.16632066,  0.61166246, -0.09423109,  0.05904739,
        -0.64079288,  0.62682855,  0.63447155,  0.07340617],
       [ 0.2057033 , -0.16328012,  0.60993236,  0.09048522, -0.05307447,
         0.61660045, -0.6162537 ,  0.60143436,  0.25839998],
       [-0.97777767, -0.03983064,  0.104844  ,  0.03350931, -0.98800578,
        -0.11362398, -0.14892133, -0.04153441,  0.01202386]])), (array([[ 0.03705702, -0.92978629, -0.36622976],
       [ 0.99553985,  0.00253107,  0.09430796],
       [-0.08675929, -0.36809109,  0.9257331 ]]), array([[-6.15734870e-02, -2.31448826e-01,  5.81373334e-01,
         5.66012876e-02,  2.32470103e-01, -6.03737345e-01,
         6.23185211e-01,  5.86230823e-01,  2.91502433e-01],
       [ 1.41837473e-01, -2.33902711e-01,  6.08185443e-01,
        -5.98074154e-02, -3.85488598e-02,  6.32377552e-01,
        -6.25691964e-01,  5.90565675e-01,  1.76181851e-01],
       [-9.77145817e-01, -3.86392544e-02, -7.75085244e-04,
         2.11327328e-02, -9.67953476e-01, -1.97104448e-01,
        -1.74870381e-01,  9.09456654e-02,  1.97731492e-02]])), (array([[ 0.02302109, -0.99746881, -0.06727554],
       [ 0.99849058,  0.02629684, -0.04821865],
       [ 0.04986574, -0.06606395,  0.99656859]]), array([[-2.34469469e-03, -4.25303067e-02,  6.29778307e-01,
        -3.14303092e-02,  8.93069586e-03, -6.45974449e-01,
         6.30429757e-01,  6.45700177e-01,  1.12592937e-02],
       [ 5.85718662e-02, -4.20573897e-02,  6.43611652e-01,
         3.08059576e-02, -1.53395962e-02,  6.29550452e-01,
        -6.43885924e-01,  6.28899002e-01,  7.39090101e-02],
       [-9.98000587e-01, -2.52681667e-02,  3.31345555e-02,
         2.49938948e-02, -9.98879893e-01, -2.71931627e-02,
        -3.97287918e-02, -1.60931652e-02,  9.21088103e-04]])), (array([[ 0.00804886, -0.99753194, -0.06975131],
       [ 0.99948598,  0.01019006, -0.03039635],
       [ 0.0310321 , -0.0694708 ,  0.99710121]]), array([[-5.26739069e-03, -4.43171696e-02,  6.33183717e-01,
        -1.96553478e-02,  1.95506098e-02, -6.39748679e-01,
         6.34428324e-01,  6.39218371e-01,  2.47912375e-02],
       [ 5.03968930e-02, -4.41946305e-02,  6.37854556e-01,
         1.94147630e-02, -1.35566743e-02,  6.33847224e-01,
        -6.38384864e-01,  6.32602617e-01,  6.39431911e-02],
       [-9.98611762e-01, -9.78157148e-03,  2.46553907e-02,
         9.25126381e-03, -9.99192862e-01, -3.07708715e-02,
        -3.89540028e-02, -6.10904974e-03,  7.86704278e-04]])), (array([[-0.01333357, -0.9975504 , -0.06866883],
       [ 0.99936639, -0.01102833, -0.03384067],
       [ 0.03300047, -0.06907654,  0.99706539]]), array([[-4.92477342e-03, -4.38634005e-02,  6.38158787e-01,
        -2.11767398e-02,  1.76306673e-02, -6.31126970e-01,
         6.39313836e-01,  6.30626795e-01,  2.25299753e-02],
       [ 5.08390633e-02, -4.39893424e-02,  6.29160565e-01,
         2.14705705e-02, -1.41775765e-02,  6.38678909e-01,
        -6.29660740e-01,  6.37523860e-01,  6.50078141e-02],
       [-9.98545071e-01,  1.15316266e-02,  2.63698785e-02,
        -1.20318014e-02, -9.99179998e-01, -2.96946496e-02,
        -3.90900345e-02, -7.00798891e-03,  8.08273871e-04]])), (array([[ 0.01257086, -0.99725756, -0.07293375],
       [ 0.99889224,  0.01583227, -0.04431292],
       [ 0.0453461 , -0.07229591,  0.99635186]]), array([[-3.74289689e-03, -4.62672830e-02,  6.31989224e-01,
        -2.86902081e-02,  1.40045882e-02, -6.41724803e-01,
         6.33030736e-01,  6.41282792e-01,  1.77212941e-02],
       [ 5.91430269e-02, -4.60022875e-02,  6.39204837e-01,
         2.82933559e-02, -1.57684060e-02,  6.32148865e-01,
        -6.39646848e-01,  6.31107353e-01,  7.49052367e-02],
       [-9.98127185e-01, -1.49228603e-02,  3.20100619e-02,
         1.44808490e-02, -9.99009057e-01, -3.05050732e-02,
        -4.22855816e-02, -1.29279984e-02,  9.86443678e-04]])), (array([[ 0.00690974, -0.99720454, -0.07440003],
       [ 0.99866208,  0.01069453, -0.05059322],
       [ 0.05124746, -0.0739509 ,  0.99594426]]), array([[-0.00315427, -0.04726753,  0.63324705, -0.03252159,  0.01169129,
        -0.63947402,  0.63417537,  0.63907844,  0.01482066],
       [ 0.06282606, -0.04706557,  0.6366679 ,  0.03225693, -0.01690303,
         0.63314817, -0.63706348,  0.63221986,  0.07972446],
       [-0.99797008, -0.00955517,  0.0353863 ,  0.00915959, -0.99899727,
        -0.03036913, -0.0439362 , -0.0156232 ,  0.00110073]])), (array([[-0.03572858, -0.99660814, -0.07413291],
       [ 0.9986269 , -0.03276017, -0.04087886],
       [ 0.03831159, -0.07549166,  0.99641017]]), array([[-0.00502378, -0.0476437 ,  0.64292087, -0.02489412,  0.01732231,
        -0.62201879,  0.64420295,  0.62145433,  0.02231428],
       [ 0.05622715, -0.04810253,  0.61956914,  0.02580265, -0.01627369,
         0.64337298, -0.62013359,  0.64209089,  0.07249104],
       [-0.9977044 ,  0.03347721,  0.03079463, -0.03404167, -0.99853437,
        -0.0313798 , -0.04311056, -0.00863022,  0.00100373]])), (array([[ 0.04679216, -0.99712518, -0.05959755],
       [ 0.99767414,  0.04961178, -0.04674388],
       [ 0.04956624, -0.05727169,  0.99712745]]), array([[-1.32816495e-03, -3.73793877e-02,  6.24350864e-01,
        -3.09739945e-02,  5.26786706e-03, -6.55499783e-01,
         6.24701394e-01,  6.55354851e-01,  6.58810076e-03],
       [ 5.45822781e-02, -3.65011524e-02,  6.53554414e-01,
         2.99169804e-02, -1.37311314e-02,  6.23956978e-01,
        -6.53699346e-01,  6.23606448e-01,  6.83126446e-02],
       [-9.97406647e-01, -4.86723988e-02,  3.12372141e-02,
         4.85274673e-02, -9.98151062e-01, -2.36490212e-02,
        -3.51809187e-02, -1.72436279e-02,  7.58392842e-04]])), (array([[ 0.02951968, -0.99789469, -0.05774744],
       [ 0.99869086,  0.03185912, -0.0400194 ],
       [ 0.04177493, -0.05649048,  0.99752879]]), array([[-2.14028662e-03, -3.64401652e-02,  6.28603931e-01,
        -2.62522872e-02,  8.24084419e-03, -6.48569765e-01,
         6.29111759e-01,  6.48356924e-01,  1.03705214e-02],
       [ 4.97620625e-02, -3.59615316e-02,  6.46864735e-01,
         2.55961695e-02, -1.29009715e-02,  6.28486350e-01,
        -6.47077577e-01,  6.27978522e-01,  6.26612781e-02],
       [-9.98310393e-01, -3.11364495e-02,  2.77258468e-02,
         3.09236077e-02, -9.98935802e-01, -2.35409496e-02,
        -3.38318543e-02, -1.33530716e-02,  6.60634511e-04]])), (array([[ 0.05334953, -0.99678096, -0.05984594],
       [ 0.9965314 ,  0.05697769, -0.0606523 ],
       [ 0.06386694, -0.05640259,  0.99636327]]), array([[ 5.30128794e-04, -3.73601351e-02,  6.22734842e-01,
        -3.99287662e-02, -2.12688872e-03, -6.58036970e-01,
         6.22575422e-01,  6.58102521e-01, -2.65294914e-03],
       [ 6.18565114e-02, -3.60621309e-02,  6.55784837e-01,
         3.87130483e-02, -1.53733825e-02,  6.21622419e-01,
        -6.55719285e-01,  6.21781839e-01,  7.72297542e-02],
       [-9.96657310e-01, -5.56356331e-02,  3.81869879e-02,
         5.57011844e-02, -9.97610313e-01, -2.19868923e-02,
        -3.65881914e-02, -2.45555234e-02,  9.55254736e-04]])), (array([[-0.00347018, -0.9890529 , -0.14752055],
       [ 0.99750707,  0.00697387, -0.07022117],
       [ 0.07048124, -0.14739647,  0.98656306]]), array([[-0.01061684, -0.09398744,  0.63038941, -0.04495876,  0.03871398,
        -0.63480424,  0.63576974,  0.63250182,  0.04907815],
       [ 0.10904562, -0.09373098,  0.62585511,  0.04476332, -0.02967789,
         0.63292539, -0.62815753,  0.62754506,  0.13863406],
       [-0.99368753, -0.004736  ,  0.0551275 ,  0.00243358, -0.99653188,
        -0.06439899, -0.0833668 , -0.01537031,  0.00365944]])), (array([[ 0.00891247, -0.98907738, -0.14712754],
       [ 0.99586884,  0.02207562, -0.08807901],
       [ 0.09036489, -0.14573473,  0.98518809]]), array([[-0.00776322, -0.09342643,  0.62759681, -0.05727103,  0.02893743,
        -0.64028446,  0.63192269,  0.638453  ,  0.03648152],
       [ 0.11877281, -0.09265391,  0.63006863,  0.0562755 , -0.03155312,
         0.62837295, -0.6319001 ,  0.62404707,  0.15027274],
       [-0.99269542, -0.01843838,  0.06381959,  0.01660691, -0.99624516,
        -0.0619265 , -0.08510982, -0.0257711 ,  0.00399436]])), (array([[-0.02193752, -0.82204839, -0.5689949 ],
       [ 0.98597001,  0.07641037, -0.14840688],
       [ 0.16547475, -0.56426758,  0.8088388 ]]), array([[-0.06097316, -0.36286459,  0.52659497, -0.10716746,  0.21656703,
        -0.60048382,  0.63046658,  0.55796262,  0.26026684],
       [ 0.37212496, -0.3529984 ,  0.49564287,  0.09859941, -0.09732388,
         0.60495517, -0.53816408,  0.50108356,  0.45966857],
       [-0.91604707, -0.07404885,  0.14229923,  0.03152764, -0.94155847,
        -0.27532098, -0.30929858, -0.01962384,  0.04958715]])), (array([[ 0.01670492, -0.97771303, -0.20928016],
       [ 0.98644538,  0.05028762, -0.15619432],
       [ 0.16323742, -0.20383423,  0.96530055]]), array([[-0.00632911, -0.13253172,  0.61865522, -0.10318907,  0.02403971,
        -0.64395096,  0.62422028,  0.64163359,  0.02992931],
       [ 0.1862869 , -0.12957817,  0.62023161,  0.09986502, -0.04779986,
         0.61530818, -0.62254898,  0.60974312,  0.23403055],
       [-0.98222738, -0.0394189 ,  0.10575462,  0.03710153, -0.99113948,
        -0.08478807, -0.12368857, -0.05544542,  0.00920846]])), (array([[ 0.04617739, -0.97791229, -0.20385093],
       [ 0.98606744,  0.07727009, -0.14731033],
       [ 0.15980816, -0.19420836,  0.9678556 ]]), array([[-0.00592476, -0.1279337 ,  0.61238055, -0.09981259,  0.02364542,
        -0.65572361,  0.61758758,  0.65360224,  0.02917737],
       [ 0.18185487, -0.12352118,  0.63374969,  0.09453694, -0.04444445,
         0.60949952, -0.63587107,  0.6042925 ,  0.22624867],
       [-0.98212665, -0.06723628,  0.1000689 ,  0.06511491, -0.99021471,
        -0.0835399 , -0.11798922, -0.0554188 ,  0.00836163]])), (array([[ 0.35890616, -0.89438499, -0.26694917],
       [ 0.92904553,  0.31480829,  0.19434544],
       [-0.08978183, -0.31775971,  0.94391101]]), array([[-0.03714233, -0.16580793,  0.50558507,  0.06537859,  0.25639993,
        -0.72786122,  0.52804751,  0.7207111 ,  0.29284755],
       [ 0.08958772, -0.18769172,  0.74928959, -0.10771068, -0.01373359,
         0.53714445, -0.75643971,  0.514682  ,  0.10131322],
       [-0.92204902, -0.34873736, -0.07126306,  0.34158724, -0.91295208,
        -0.15408243, -0.1512441 ,  0.07710409,  0.01157058]])), (array([[ 0.05953708, -0.92840382, -0.36677198],
       [ 0.99296387,  0.01740351,  0.11713186],
       [-0.10236255, -0.37116501,  0.9229076 ]]), array([[-0.06274253, -0.23134232,  0.57540816,  0.0673165 ,  0.24531457,
        -0.60711225,  0.61650816,  0.59016455,  0.30572483],
       [ 0.13435826, -0.23512874,  0.61698748, -0.07340702, -0.03549675,
         0.62756867, -0.63393518,  0.58646867,  0.16554792],
       [-0.97633289, -0.05747625, -0.01299675,  0.04052855, -0.96527238,
        -0.20015267, -0.17471847,  0.09850615,  0.02023757]])), (array([[ 0.35999416, -0.90630049, -0.22141282],
       [ 0.93043044,  0.33131749,  0.15661389],
       [-0.0685813 , -0.26238931,  0.96252192]]), array([[-0.0300441 , -0.13745816,  0.51380355,  0.05065018,  0.20970818,
        -0.74454736,  0.52945576,  0.7395819 ,  0.23933912],
       [ 0.07698213, -0.15464893,  0.75818338, -0.08603637, -0.01144961,
         0.53535684, -0.76314884,  0.51970464,  0.087299  ],
       [-0.92517213, -0.35371015, -0.05640544,  0.34874468, -0.91927104,
        -0.12714129, -0.125018  ,  0.06096705,  0.00771224]]))]
mean error: 0.6253218590071596
