found corners in Image17.tif
found corners in Image10.tif
found corners in Image9.tif
found corners in Image20.tif
found corners in Image11.tif
retval: 1.2168723732555284
cameraMatrix:
[[656.86460559   0.         301.61575581]
 [  0.         661.73878963 230.664092  ]
 [  0.           0.           1.        ]]
distCoeffs:
[[-3.37429308e-01  7.66914250e-01  1.47968817e-03  2.12729806e-04
  -1.38242477e+00]]
rvecs:
[array([[0.59390995],
       [0.22657808],
       [0.18081543]]), array([[0.28112282],
       [0.4834412 ],
       [0.30315035]]), array([[0.3162188 ],
       [0.68118286],
       [0.34240767]]), array([[ 0.54931466],
       [-0.9375824 ],
       [-0.14925678]]), array([[0.4984649 ],
       [0.01754041],
       [0.13679762]])]
tvecs:
[array([[-4.47522915],
       [-4.31306134],
       [16.31782323]]), array([[-0.93976627],
       [-9.4864958 ],
       [28.73859908]]), array([[-2.26788594e-02],
       [-7.07046413e+00],
       [ 2.43719851e+01]]), array([[-4.81591272],
       [-2.67854675],
       [13.27637618]]), array([[-4.98211728],
       [-7.36926442],
       [23.43606699]])]
rotation_matrixs:
[(array([[ 0.95949123, -0.10306775,  0.26220912],
       [ 0.23280768,  0.81420113, -0.53186193],
       [-0.15867315,  0.57136115,  0.8052138 ]]), array([[ 0.00403926,  0.13701366,  0.03907591,  0.06850008, -0.55407924,
        -0.81822853,  0.12492961,  0.81428994, -0.55318309],
       [-0.21690952,  0.29690426,  0.91043376,  0.27076616,  0.00706794,
         0.12934027, -0.91437235,  0.04348656, -0.21104068],
       [-0.17309966, -0.9203196 ,  0.27166231,  0.91638101, -0.16868901,
         0.14288249,  0.29780041,  0.07436891,  0.00591324]])), (array([[ 0.84260867, -0.21742284,  0.49268441],
       [ 0.34880773,  0.91737825, -0.19170373],
       [-0.41029719,  0.33338336,  0.84882963]]), array([[ 0.0074246 ,  0.2578544 ,  0.10109393,  0.20330543, -0.26787266,
        -0.91195954,  0.18808449,  0.9052761 , -0.26463903],
       [-0.4545897 ,  0.17745934,  0.85577082,  0.08365259,  0.00670246,
         0.18428103, -0.86245425,  0.09729047, -0.45509436],
       [-0.28505851, -0.90784061,  0.08688622,  0.90115718, -0.28886197,
         0.25734974,  0.18069298,  0.20280078,  0.0076899 ]])), (array([[ 0.72550236, -0.20310895,  0.65756603],
       [ 0.40655756,  0.89740934, -0.17136925],
       [-0.55529927,  0.39166724,  0.73364807]]), array([[ 0.01463386,  0.34995879,  0.0919495 ,  0.28257432, -0.29320035,
        -0.865021  ,  0.22600358,  0.8532766 , -0.28447   ],
       [-0.61185572,  0.21023084,  0.74000557,  0.06507456,  0.01178159,
         0.21607998, -0.75174997,  0.08202589, -0.61279118],
       [-0.30755925, -0.85965371,  0.0738049 ,  0.84790932, -0.31748285,
         0.34902333,  0.21896119,  0.28163886,  0.01537559]])), (array([[ 0.59274006, -0.11163144, -0.79761999],
       [-0.35378796,  0.85359319, -0.38237775],
       [ 0.72352837,  0.50883896,  0.46646502]]), array([[ 0.03805535, -0.4260713 ,  0.08791139, -0.37771164, -0.48272312,
        -0.72812642, -0.2158682 ,  0.71630958, -0.44654893],
       [ 0.78231914,  0.25235776,  0.54605055,  0.16981643, -0.02335036,
        -0.20924523, -0.55786739,  0.09453436,  0.76217958],
       [ 0.12453991, -0.81054623,  0.20599062,  0.79872939,  0.13116289,
        -0.44621085,  0.28853195, -0.39785119, -0.01354627]])), (array([[ 0.99069949, -0.12650498,  0.05010999],
       [ 0.13505509,  0.86936098, -0.47536471],
       [ 0.01657233,  0.47771119,  0.87836062]]), array([[ 7.76129646e-04,  3.03470834e-02,  6.12681425e-02,
        -1.39077006e-02, -4.76550502e-01, -8.75480884e-01,
         6.69425621e-02,  8.75285070e-01, -4.77301524e-01],
       [-1.71255807e-02,  2.44492263e-01,  9.55813305e-01,
         2.42934988e-01,  3.83623864e-04,  6.97214443e-02,
        -9.56009119e-01,  6.40470247e-02, -1.67956956e-02],
       [-1.33562360e-01, -9.50036364e-01,  2.42183966e-01,
         9.49840550e-01, -1.30783478e-01,  3.06769685e-02,
         2.43741241e-01, -1.35778154e-02,  2.78577268e-03]]))]
